image: /home/giokotos/turtlebot_maps/cafe.pgm
resolution: 0.050000
origin: [-13.900000, -11.900000, 0.000000]
negate: 0
occupied_thresh: 0.65
free_thresh: 0.196

